% Dataset generated by rbc_basic_ML_forecast.mod
% 28-Oct-2025 13:43:01
c = [
      5.9397229
      5.9552326
      5.9562229
      5.9591881
      5.9648384
       5.961415
      5.9536655
      5.9486214
      5.9678979
      6.0069623
      6.0346097
      6.0747746
      6.1166707
      6.1512797
      6.1834078
      6.2084367
      6.2265171
      6.2491762
       6.277361
      6.3099298
      6.3411593
      6.3578397
      6.3718742
      6.3922942
      6.4119035
      6.4325573
      6.4527592
       6.465347
      6.4738098
      6.4726469
      6.4726483
      6.4629356
       6.442668
      6.4154642
      6.3692216
      6.3324771
       6.303164
      6.2716913
      6.2507569
      6.2220218
      6.1928203
      6.1648735
      6.1415831
      6.1231355
      6.1012672
      6.0803436
      6.0607018
      6.0471866
      6.0430665
      6.0476438
      6.0467821
      6.0445544
      6.0342332
       6.015952
      5.9984003
      5.9931295
      5.9855914
      5.9802052
      5.9744742
      5.9762881
      5.9721434
      5.9670437
      5.9661689
      5.9731427
       5.990321
      6.0071861
      6.0113659
      6.0074024
      5.9956622
      5.9990274
      6.0008871
      6.0059432
      6.0095689
      6.0175736
      6.0201069
      6.0115037
      5.9925495
      5.9773345
      5.9638532
      5.9508263
      5.9486664
      5.9507226
      5.9540535
      5.9672654
      5.9752728
      5.9850544
      5.9993436
      6.0105604
      6.0205133
      6.0210924
      6.0118981
      6.0026728
       5.999296
      6.0137774
      6.0248817
      6.0338433
       6.040451
      6.0327016
      6.0198939
      5.9963566
      5.9789982
       5.959634
       5.942571
      5.9248364
      5.9111897
      5.8964707
      5.8866681
      5.8842591
      5.8947136
      5.9050144
       5.899788
      5.8871069
      5.8843091
      5.8773669
      5.8765724
      5.8785096
      5.8899772
      5.8893565
      5.8850135
      5.8736286
      5.8814976
      5.8980408
      5.9222891
      5.9379219
      5.9464655
      5.9511267
      5.9616311
      5.9700881
      5.9810821
      5.9777916
      5.9694722
      5.9564333
       5.933972
      5.9161087
      5.9038094
      5.8943302
      5.8780962
      5.8701897
      5.8679019
      5.8650219
      5.8627945
      5.8597613
      5.8460515
      5.8307516
      5.8128349
      5.7910916
      5.7649227
      5.7389759
      5.7048177
      5.6809997
      5.6674851
      5.6585769
      5.6527125
      5.6444943
      5.6449671
      5.6479496
      5.6475863
      5.6569015
      5.6671213
      5.6733811
      5.6776484
      5.6770689
       5.669859
      5.6802657
      5.7050936
       5.731891
      5.7480967
      5.7555463
      5.7606132
      5.7708978
       5.773202
      5.7592526
      5.7359808
      5.7178294
      5.7070729
      5.7030705
       5.701097
      5.7020171
      5.7015597
      5.7076225
      5.7067195
      5.7084546
      5.7066297
      5.7032423
      5.7050444
      5.7156249
      5.7202939
      5.7321708
      5.7496136
      5.7660369
      5.7796096
      5.7903677
      5.7981062
      5.8052379
      5.8124706
      5.8247807
      5.8469246
      5.8713561
      5.8916301
      5.9126785
];

